   1915    25.67    23.86    23.90    30.64    36.00    31.00
   1916  2246.67  2180.00  2130.00  2087.86   256.00   262.00
   1917  2796.67  2511.43  2444.00  2446.43   253.00   263.00
   1918  2786.67  2670.00  2586.00  2408.57   256.00   261.00
   1919  2660.00  2440.00  2361.00  2132.86   241.00   242.00
   1920  2330.00  2038.57  1817.00  1791.43   234.00   243.00
   1921  2563.33  2408.57  2271.00  2003.57   255.00   258.00
   1922  2820.00  2670.00  2621.00  2495.00   248.00   252.00
   1923  2163.33  1820.00  1776.00  1735.00   255.00   237.00
   1924  1060.00   946.71   950.40   894.36   223.00   226.00
   1925  2283.33  2082.86  1897.00  1705.00   240.00   244.00
   1926  1886.67  1780.00  1739.00  1713.57   208.00   217.00
   1927  2346.67  2148.57  2066.00  2027.14   229.00   262.00
   1928  1753.33  1648.57  1567.00  1519.29   227.00   250.00
   1929  1486.67  1438.57  1426.00  1362.86   236.00   237.00
   1930  1593.33  1545.71  1528.00  1422.86   256.00   261.00
   1931  1090.00   941.57   888.70   851.07   219.00   228.00
   1932  2190.00  2084.29  2012.00  1963.57   267.00   269.00
   1933  2173.33  2032.86  1917.00  1681.14   258.00   261.00
   1934   835.00   787.71   763.30   726.00   220.00   206.00
   1935  2453.33  2315.71  2287.00  2181.43   249.00   257.00
   1936  1956.67  1902.86  1859.00  1777.14   228.00   238.00
   1937  2670.00  2441.43  2245.00  2173.57   228.00   237.00
   1938  3890.00  3610.00  3523.00  3347.86   247.00   252.00
   1939  1006.67   887.43   877.40   867.29   204.00   223.00
   1940  2190.00  2114.29  2025.00  2045.71   226.00   237.00
   1941  2723.33  2468.57  2409.00  2251.43   237.00   266.00
   1942  2443.33  2355.71  2299.00  2262.14   255.00   261.00
   1943  2486.67  2351.43  2307.00  2059.29   239.00   246.00
   1944  1646.67  1504.29  1466.00  1355.14   252.00   252.00
   1945  2133.33  2031.43  1997.00  1845.00   258.00   267.00
   1946  2366.67  2195.71  2071.00  2012.14   220.00   221.00
   1947  2026.67  1884.29  1639.00  1367.43   216.00   225.00
   1948  2413.33  1975.71  1877.00  1773.57   240.00   260.00
   1949  2046.67  1775.71  1512.00  1406.50   239.00   241.00
   1950  2163.33  2088.57  2007.00  1899.29   244.00   245.00
   1951  4666.67  2959.71  2224.40  1820.00    52.00   243.00
   1952  2850.00  2807.14  2770.00  2753.57   242.00   250.00
   1953  1673.33  1551.43  1510.00  1407.14   263.00   269.00
   1954  2106.67  1844.29  1723.00  1639.29   232.00   233.00
   1955  2340.00  2124.29  1857.00  1703.14   253.00   254.00
   1956  4173.33  2614.29  2570.00  2499.29    85.00   248.00
   1957  2393.33  2235.71  2071.00  1832.14   248.00   252.00
   1958  3053.33  2912.86  2772.00  2635.00   233.00   242.00
   1959  1256.67  1070.00   971.10   859.07   225.00   233.00
   1960  1440.00  1295.71  1210.40  1123.36   226.00   234.00
   1961   917.33   854.14   807.40   776.36   237.00   241.00
   1962  1916.67  1795.71  1692.00  1668.57   254.00   257.00
   1963  2540.00  2388.57  2136.00  1878.43   261.00   270.00
   1964  1280.00  1202.86  1184.00  1181.43   234.00   239.00
   1965  5220.00  2747.29  2103.00  1922.86    86.00   256.00
   1966  1423.33  1371.43  1313.00  1259.29   220.00   227.00
   1967  3823.33  3492.86  3357.00  3264.29   275.00   277.00
   1968  1216.67  1104.86  1056.40   942.64   243.00   247.00
   1969  4220.00  3950.00  3769.00  3672.14   246.00   248.00
   1970  1950.00  1731.43  1728.00  1686.43   231.00   241.00
   1971  1840.00  1808.57  1770.00  1709.29   260.00   263.00
   1972  1836.67  1548.57  1509.00  1518.57   253.00   253.00
   1973  3156.67  2834.29  2683.00  2545.00   231.00   236.00
   1974  2796.67  2524.29  2368.00  2412.86   241.00   251.00
   1975  3456.67  3244.29  3150.00  3028.57   245.00   255.00
   1976  1173.33  1029.43   951.30   846.29   228.00   231.00
   1977   947.00   696.86   686.10   644.29   254.00   255.00
   1978  3453.33  3132.86  3018.00  2938.57   252.00   256.00
   1979  2876.67  2697.14  2663.00  2546.43   234.00   242.00
   1980  2556.67  2372.86  2256.00  2241.43   276.00   276.00
   1981  1773.33  1452.86  1363.00  1300.00   214.00   252.00
   1982  2933.33  2698.57  2534.00  2346.43   239.00   243.00
   1983  4510.00  4167.14  3836.00  3608.57   242.00   263.00
   1984  2346.67  2284.29  2274.00  2180.71   227.00   245.00
   1985  1286.67  1212.86  1121.90  1084.07   215.00   239.00
   1986  3553.33  3345.71  3160.00  2890.00   244.00   250.00
   1987  1280.00  1134.71  1139.30  1078.86   229.00   230.00
   1988  1286.67  1098.86  1078.70  1047.57   229.00   239.00
   1989  1473.33  1357.14  1213.50  1153.57   222.00   203.00
   1990   899.67   812.29   727.60   742.64   219.00   222.00
   1991  1906.67  1734.29  1750.00  1657.86   248.00   258.00
   1992  1220.00  1090.43  1039.90  1058.86   213.00   222.00
   1993  2646.67  2605.71  2520.00  2277.14   232.00   239.00
   1994  1410.00  1165.71   981.00   901.71   226.00   229.00
   1995  3996.67  3611.43  3431.00  3485.00   283.00   283.00
   1996  3033.33  2447.14  2171.00  2002.14   229.00   231.00
   1997  6016.67  3396.43  2568.80  1997.86    95.00   231.00
   1998  3340.00  3224.29  3108.00  3032.14   260.00   271.00
   1999  2390.00  2272.86  2144.00  2008.57   238.00   245.00
   2000  2260.00  2195.71  2129.00  1960.00   237.00   246.00
   2001  1983.33  1871.43  1799.00  1721.43   222.00   232.00
   2002  1963.33  1692.86  1643.00  1552.14   244.00   251.00
   2003  3746.67  3291.43  3129.00  2957.14   242.00   248.00
   2004  1546.67  1322.86  1249.30  1190.71   218.00   223.00
   2005  3950.00  3658.57  3525.00  3401.43   240.00   241.00
   2006  3570.00  3431.43  3297.00  3106.43   232.00   234.00
   2007  1033.33   974.71   970.50   935.93   213.00   234.00
   2008  2396.67  2144.29  1851.00  1670.00   232.00   235.00
   2009  2386.67  2180.00  2111.00  2042.86   230.00   235.00
   2010  3600.00  3135.71  2784.00  2507.86   251.00   259.00
   2011  3670.00  3370.00  3364.00  3225.00   266.00   269.00
   2012  1836.67  1650.00  1500.00  1431.43   209.00   217.00
   2013  1440.00  1342.86  1234.20  1176.00   213.00   217.00
   2014   967.33   821.00   759.50   761.14   229.00   240.00
   2015   500.67   469.86   466.50   436.64   237.00   247.00
   2016  2013.33  1908.57  1838.00  1665.71   228.00   256.00
   2017  4193.33  3987.14  3692.00  3403.57   264.00   248.00
   2018  3843.33  2375.71  1890.70  1541.36   191.00   199.00
   2019  3416.67  3127.14  3049.00  2994.29   257.00   261.00
   2020  1696.67  1467.14  1350.70  1319.50   214.00   224.00
   2021  1136.67   997.43   950.80   907.57   219.00   226.00
