   0.950    954.12     832.60    778.74    766.47
   0.900   1122.67     990.61    951.15    886.24
   0.800   1430.00    1306.57   1211.64   1162.54
   0.700   1779.67    1561.14   1510.20   1408.71
   0.600   2007.33    1839.43   1766.00   1669.71
   0.500   2253.33    2086.43   1907.00   1784.29
   0.333   2591.41    2395.31   2261.05   2068.91
   0.200   3266.67    2783.20   2607.00   2497.57
   0.143   3591.29    3134.88   2950.07   2850.39
   0.100   3857.33    3353.00   3153.00   3029.64
   0.067   4149.15    3484.45   3363.04   3258.91
   0.050   4210.67    3610.93   3490.80   3382.68
   0.040   4428.80    3645.37   3524.44   3402.97
   0.033   4578.45    3785.90   3597.96   3439.15
   0.029   4657.74    3933.39   3682.48   3480.36
   0.025   4846.50    3962.07   3717.03   3525.16
   0.022   5011.09    3973.12   3739.93   3561.92
   0.020   5142.53    3981.94   3758.22   3591.27
