   0.9907     25.67     23.86     23.90     30.64
   0.9815    500.67    469.86    466.50    436.64
   0.9722    835.00    696.86    686.10    644.29
   0.9630    899.67    787.71    727.60    726.00
   0.9537    917.33    812.29    759.50    742.64
   0.9444    947.00    821.00    763.30    761.14
   0.9352    967.33    854.14    807.40    776.36
   0.9259   1006.67    887.43    877.40    846.29
   0.9167   1033.33    941.57    888.70    851.07
   0.9074   1060.00    946.71    950.40    859.07
   0.8981   1090.00    974.71    950.80    867.29
   0.8889   1136.67    997.43    951.30    894.36
   0.8796   1173.33   1029.43    970.50    901.71
   0.8704   1216.67   1070.00    971.10    907.57
   0.8611   1220.00   1090.43    981.00    935.93
   0.8519   1256.67   1098.86   1039.90    942.64
   0.8426   1280.00   1104.86   1056.40   1047.57
   0.8333   1280.00   1134.71   1078.70   1058.86
   0.8241   1286.67   1165.71   1121.90   1078.86
   0.8148   1286.67   1202.86   1139.30   1084.07
   0.8056   1410.00   1212.86   1184.00   1123.36
   0.7963   1423.33   1295.71   1210.40   1153.57
   0.7870   1440.00   1322.86   1213.50   1176.00
   0.7778   1440.00   1342.86   1234.20   1181.43
   0.7685   1473.33   1357.14   1249.30   1190.71
   0.7593   1486.67   1371.43   1313.00   1259.29
   0.7500   1546.67   1438.57   1350.70   1300.00
   0.7407   1593.33   1452.86   1363.00   1319.50
   0.7315   1646.67   1467.14   1426.00   1355.14
   0.7222   1673.33   1504.29   1466.00   1362.86
   0.7130   1696.67   1545.71   1500.00   1367.43
   0.7037   1753.33   1548.57   1509.00   1406.50
   0.6944   1773.33   1551.43   1510.00   1407.14
   0.6852   1836.67   1648.57   1512.00   1422.86
   0.6759   1836.67   1650.00   1528.00   1431.43
   0.6667   1840.00   1692.86   1567.00   1518.57
   0.6574   1886.67   1731.43   1639.00   1519.29
   0.6481   1906.67   1734.29   1643.00   1541.36
   0.6389   1916.67   1775.71   1692.00   1552.14
   0.6296   1950.00   1780.00   1723.00   1639.29
   0.6204   1956.67   1795.71   1728.00   1657.86
   0.6111   1963.33   1808.57   1739.00   1665.71
   0.6019   1983.33   1820.00   1750.00   1668.57
   0.5926   2013.33   1844.29   1770.00   1670.00
   0.5833   2026.67   1871.43   1776.00   1681.14
   0.5741   2046.67   1884.29   1799.00   1686.43
   0.5648   2106.67   1902.86   1817.00   1703.14
   0.5556   2133.33   1908.57   1838.00   1705.00
   0.5463   2163.33   1975.71   1851.00   1709.29
   0.5370   2163.33   2031.43   1857.00   1713.57
   0.5278   2173.33   2032.86   1859.00   1721.43
   0.5185   2190.00   2038.57   1877.00   1735.00
   0.5093   2190.00   2082.86   1890.70   1773.57
   0.5000   2246.67   2084.29   1897.00   1777.14
   0.4907   2260.00   2088.57   1917.00   1791.43
   0.4815   2283.33   2114.29   1997.00   1820.00
   0.4722   2330.00   2124.29   2007.00   1832.14
   0.4630   2340.00   2144.29   2012.00   1845.00
   0.4537   2346.67   2148.57   2025.00   1878.43
   0.4444   2346.67   2180.00   2066.00   1899.29
   0.4352   2366.67   2180.00   2071.00   1922.86
   0.4259   2386.67   2195.71   2071.00   1960.00
   0.4167   2390.00   2195.71   2103.00   1963.57
   0.4074   2393.33   2235.71   2111.00   1997.86
   0.3981   2396.67   2272.86   2129.00   2002.14
   0.3889   2413.33   2284.29   2130.00   2003.57
   0.3796   2443.33   2315.71   2136.00   2008.57
   0.3704   2453.33   2351.43   2144.00   2012.14
   0.3611   2486.67   2355.71   2171.00   2027.14
   0.3519   2540.00   2372.86   2224.40   2042.86
   0.3426   2556.67   2375.71   2245.00   2045.71
   0.3333   2563.33   2388.57   2256.00   2059.29
   0.3241   2646.67   2408.57   2271.00   2087.86
   0.3148   2660.00   2440.00   2274.00   2132.86
   0.3056   2670.00   2441.43   2287.00   2173.57
   0.2963   2723.33   2447.14   2299.00   2180.71
   0.2870   2786.67   2468.57   2307.00   2181.43
   0.2778   2796.67   2511.43   2361.00   2241.43
   0.2685   2796.67   2524.29   2368.00   2251.43
   0.2593   2820.00   2605.71   2409.00   2262.14
   0.2500   2850.00   2614.29   2444.00   2277.14
   0.2407   2876.67   2670.00   2520.00   2346.43
   0.2315   2933.33   2670.00   2534.00   2408.57
   0.2222   3033.33   2697.14   2568.80   2412.86
   0.2130   3053.33   2698.57   2570.00   2446.43
   0.2037   3156.67   2747.29   2586.00   2495.00
   0.1944   3340.00   2807.14   2621.00   2499.29
   0.1852   3416.67   2834.29   2663.00   2507.86
   0.1759   3453.33   2912.86   2683.00   2545.00
   0.1667   3456.67   2959.71   2770.00   2546.43
   0.1574   3553.33   3127.14   2772.00   2635.00
   0.1481   3570.00   3132.86   2784.00   2753.57
   0.1389   3600.00   3135.71   3018.00   2890.00
   0.1296   3670.00   3224.29   3049.00   2938.57
   0.1204   3746.67   3244.29   3108.00   2957.14
   0.1111   3823.33   3291.43   3129.00   2994.29
   0.1019   3843.33   3345.71   3150.00   3028.57
   0.0926   3890.00   3370.00   3160.00   3032.14
   0.0833   3950.00   3396.43   3297.00   3106.43
   0.0741   3996.67   3431.43   3357.00   3225.00
   0.0648   4173.33   3492.86   3364.00   3264.29
   0.0556   4193.33   3610.00   3431.00   3347.86
   0.0463   4220.00   3611.43   3523.00   3401.43
   0.0370   4510.00   3658.57   3525.00   3403.57
   0.0278   4666.67   3950.00   3692.00   3485.00
   0.0185   5220.00   3987.14   3769.00   3608.57
   0.0093   6016.67   4167.14   3836.00   3672.14
