  0.950  102.333   115.257  133.711   62.312   71.221   82.998
  0.900   71.360    74.554   80.444   44.467   51.900   65.143
  0.800   52.867    54.943   57.371   25.333   26.686   30.700
  0.700   42.233    41.671   40.129   17.000   19.457   22.443
  0.600   30.693    32.000   34.606   12.333   13.143   15.086
  0.500   21.167    21.500   21.379    9.427   10.290   12.249
  0.333   13.554    14.140   15.230    6.110    6.935    7.546
  0.200   10.667    10.614   10.849    4.561    4.869    5.811
  0.143    7.840     7.947    7.968    3.753    4.052    4.479
  0.100    5.721     6.017    6.723    3.160    3.428    3.991
  0.067    5.156     5.377    5.564    2.871    3.020    3.399
  0.050    4.957     5.208    5.408    2.512    2.717    3.129
  0.040    4.893     5.114    5.100    2.371    2.653    3.011
  0.033    4.596     5.033    4.959    2.086    2.366    2.810
  0.029    4.270     4.952    4.912    1.799    2.063    2.608
  0.025    4.201     4.766    4.891    1.702    1.987    2.583
  0.022    4.171     4.605    4.876    1.642    1.949    2.581
  0.020    4.147     4.476    4.864    1.595    1.918    2.580
