  0.009    2.900    3.000    3.136    1.187    1.240     1.385
  0.019    4.133    4.400    4.857    1.567    1.900     2.579
  0.028    4.233    4.943    4.907    1.767    2.029     2.586
  0.037    4.877    5.103    5.000    2.333    2.629     2.984
  0.047    4.933    5.143    5.357    2.467    2.714     3.079
  0.056    5.000    5.329    5.501    2.597    2.721     3.221
  0.065    5.133    5.357    5.543    2.867    3.000     3.329
  0.075    5.300    5.500    5.700    2.900    3.143     3.841
  0.084    5.500    5.700    6.536    2.933    3.300     3.914
  0.093    5.613    5.914    6.592    3.067    3.427     3.971
  0.103    5.767    6.061    6.779    3.200    3.429     4.000
  0.112    5.933    6.329    7.007    3.260    3.457     4.233
  0.121    6.000    6.486    7.064    3.600    3.857     4.286
  0.131    6.500    7.071    7.321    3.700    3.971     4.371
  0.140    7.833    7.929    7.821    3.733    4.050     4.400
  0.150    7.857    7.991    8.325    3.800    4.057     4.672
  0.159    8.000    8.500    8.423    3.887    4.157     4.829
  0.168    8.833    8.743    8.786    4.000    4.600     5.158
  0.178    9.000    9.586    8.871    4.167    4.654     5.441
  0.187    9.367    9.944    9.807    4.430    4.724     5.636
  0.196   10.667   10.357   10.786    4.490    4.743     5.786
  0.206   10.667   11.000   10.943    4.667    5.057     5.850
  0.215   10.667   11.214   11.286    4.733    5.157     6.066
  0.224   11.000   11.286   11.857    4.863    5.171     6.073
  0.234   11.333   11.714   12.071    4.877    5.179     6.179
  0.243   11.333   11.714   12.071    4.967    5.234     6.187
  0.252   11.500   11.857   12.214    5.000    5.319     6.257
  0.262   11.667   12.000   12.486    5.033    5.471     6.264
  0.271   12.000   12.257   12.750    5.100    5.529     6.286
  0.280   12.167   12.571   12.929    5.233    5.536     6.621
  0.290   12.333   12.643   13.714    5.303    5.643     6.650
  0.299   13.033   13.000   13.779    5.533    5.857     7.043
  0.308   13.333   13.214   14.643    5.667    5.886     7.143
  0.318   13.333   13.457   15.071    5.787    6.223     7.214
  0.327   13.333   13.571   15.107    5.933    6.443     7.496
  0.336   13.667   14.429   15.293    6.200    7.186     7.571
  0.346   14.000   15.714   15.929    6.300    7.214     7.671
  0.355   14.667   16.286   16.786    6.600    7.286     7.893
  0.364   15.000   16.286   17.357    6.833    7.386     7.964
  0.374   15.667   16.429   17.393    7.000    7.500     8.550
  0.383   16.000   16.429   17.571    7.400    7.514     9.021
  0.393   16.333   16.571   17.607    7.600    7.786     9.043
  0.402   16.333   17.000   17.643    7.600    8.107     9.321
  0.411   16.333   17.000   17.714    7.713    8.129     9.473
  0.421   17.000   17.114   17.786    7.743    8.230     9.614
  0.430   17.000   18.143   18.214    7.767    8.286     9.621
  0.439   17.367   18.286   18.571    7.800    8.500    10.150
  0.449   18.000   18.429   18.857    8.000    8.600    10.193
  0.458   18.333   18.571   19.000    8.500    8.857    10.400
  0.467   18.600   19.143   19.429    8.600    9.000    10.714
  0.477   18.833   19.486   19.757    8.827    9.726    11.429
  0.486   19.667   20.371   20.500    9.033   10.143    11.611
  0.495   20.000   20.571   21.000    9.333   10.280    12.043
  0.505   22.333   22.429   21.757    9.520   10.300    12.456
  0.514   22.333   23.286   22.571   10.200   11.229    12.793
  0.523   23.000   23.571   24.500   10.333   11.571    12.929
  0.533   23.333   25.000   26.071   11.000   12.000    13.000
  0.542   23.667   25.571   28.214   11.333   12.143    13.143
  0.551   26.000   25.857   28.286   11.667   12.143    13.786
  0.561   26.333   27.000   29.571   11.667   12.143    13.857
  0.570   27.000   28.943   30.214   12.000   12.571    14.143
  0.579   27.667   29.143   32.021   12.000   12.714    14.429
  0.589   29.633   30.343   32.707   12.000   12.714    14.786
  0.598   30.533   31.714   34.571   12.333   13.000    14.857
  0.607   31.333   33.143   34.743   12.333   13.714    16.000
  0.617   33.000   34.143   35.143   12.667   14.429    16.000
  0.626   34.000   34.857   35.286   13.000   14.857    18.143
  0.636   35.333   35.714   35.929   14.333   15.429    18.286
  0.645   36.667   37.571   36.786   15.000   16.000    18.500
  0.654   37.000   37.714   36.884   15.333   16.286    19.929
  0.664   37.167   37.714   38.529   16.000   17.000    20.214
  0.673   38.333   38.857   39.286   16.333   17.143    20.857
  0.682   40.000   39.100   40.000   16.667   17.714    21.000
  0.692   41.333   40.000   40.000   17.000   18.429    21.286
  0.701   42.333   41.857   40.143   17.000   19.571    22.571
  0.710   42.333   44.714   44.000   18.000   20.429    24.500
  0.720   42.667   44.786   45.214   19.000   20.571    25.250
  0.729   43.333   44.857   47.714   20.400   22.057    26.643
  0.738   45.667   46.571   48.657   21.000   23.429    26.643
  0.748   48.000   49.000   49.143   22.200   24.114    27.443
  0.757   48.333   51.143   52.357   22.967   24.257    28.357
  0.766   50.400   52.143   54.264   23.000   24.286    28.357
  0.776   51.000   52.857   54.786   23.333   25.286    28.536
  0.785   52.000   53.571   55.000   23.667   25.429    28.714
  0.794   52.667   54.000   56.214   24.333   25.571    29.714
  0.804   53.000   55.571   58.143   26.000   27.429    31.357
  0.813   55.333   55.686   58.893   26.000   27.571    35.714
  0.822   58.633   56.714   61.071   27.000   29.143    35.857
  0.832   64.333   63.829   61.786   27.667   31.571    36.429
  0.841   65.067   66.900   67.393   28.000   32.714    36.429
  0.850   66.333   67.571   70.143   29.333   32.857    42.000
  0.860   66.667   68.714   70.571   35.000   38.714    43.643
  0.869   67.333   68.714   70.857   40.333   46.429    48.429
  0.879   68.667   69.286   71.500   40.333   47.857    51.000
  0.888   69.667   69.571   72.571   43.000   49.143    56.571
  0.897   71.000   74.057   80.236   43.667   51.857    63.429
  0.907   72.200   75.714   80.929   46.333   52.000    69.143
  0.916   82.000   83.143   87.857   47.667   54.571    69.357
  0.925   86.333   87.571   89.071   53.667   59.429    69.929
  0.935   88.333   92.143   94.286   58.000   66.300    75.571
  0.944   98.000  101.143  102.929   58.433   66.857    79.664
  0.953  104.667  122.857  150.286   64.400   73.571    84.793
  0.963  140.667  143.857  153.000   65.000   74.286    89.071
  0.972  141.333  145.714  161.429   65.333   77.571    92.357
  0.981  153.333  156.143  164.143   71.667   79.814    94.500
  0.991  159.333  165.000  164.786  151.333  170.571   175.143
