 1916    690.54    -42859.75          97
 1917    573.95    -46141.31         112
 1918    483.40    -37867.60         106
 1919    413.61    -29451.41         104
 1920    376.76    -29745.66         116
 1921    564.77    -34475.05         109
 1922    659.53    -59416.60         115
 1923    507.12    -35474.00         119
 1924    158.65    -10354.04          96
 1925    577.66    -36184.95          99
 1926    384.45    -23800.76          98
 1927    584.08    -41674.58         110
 1928    405.11    -23786.59          82
 1929    304.66    -22954.55         115
 1930    337.66    -20767.01          84
 1931    176.25    -10839.90          90
 1932    595.06    -40718.00         127
 1933    333.78    -24451.62          91
 1934    227.69    -9423.40          71
 1935    584.12    -41899.88         102
 1936    602.07    -41371.52          99
 1937    569.59    -42799.80         103
 1938    904.86    -73147.39         106
 1939    266.41    -14594.58          77
 1940    571.20    -35194.19         101
 1941    720.66    -59987.21         116
 1942    647.80    -44445.80         108
 1943    597.13    -35448.67         102
 1944    405.46    -31551.80         119
 1945    567.08    -41739.84         106
 1946    572.97    -38002.20         103
 1947    349.47    -19775.83         101
 1948    462.89    -40741.43         123
 1949    395.90    -32285.09         100
 1950    446.69    -29694.78         105
 1951    489.57    -24227.38          97
 1952    780.88    -60928.80         108
 1953    387.80    -23935.58         107
 1954    391.19    -25805.80         101
 1955    355.70    -26499.39         124
 1956    814.22    -50878.53         111
 1957    406.34    -27847.90         115
 1958    745.91    -63646.25         107
 1959    263.62    -13312.25          90
 1960    292.71    -17882.29          83
 1961    228.86    -14248.24          90
 1962    540.98    -37949.57          93
 1963    569.43    -39975.81         120
 1964    272.73    -19078.43         100
 1965    651.78    -44058.25         110
 1966    378.97    -21670.63          84
 1967    847.76    -79470.84         134
 1968    261.85    -13454.78          88
 1969    960.48    -71840.82         108
 1970    459.88    -23692.82         120
 1971    456.87    -26905.07         119
 1972    378.43    -18883.90         115
 1973    623.77    -48493.17         111
 1974    626.26    -41085.68         118
 1975    582.16    -54629.50         127
 1976    164.73    -10419.38         109
 1977    123.04    -9197.28          95
 1978    827.51    -66471.43         121
 1979    523.73    -34117.20         115
 1980    777.53    -46400.39         106
 1981    336.97    -22860.97          98
 1982    890.99    -58279.85          99
 1983    1116.03    -111131.25         137
 1984    579.00    -31273.40         103
 1985    329.22    -19195.98          90
 1986    779.79    -35880.32         109
 1987    232.13    -15760.87          96
 1988    285.61    -11768.94          82
 1989    370.38    -18646.44          85
 1990    243.24    -12636.13          78
 1991    344.21    -26539.49         116
 1992    288.77    -16753.52          92
 1993    788.82    -49320.83         114
 1994    240.54    -14773.19         101
 1995    1085.94    -81242.12         117
 1996    644.68    -30972.50          97
 1997    624.31    -25038.91         104
 1998    872.77    -70086.97         110
 1999    473.23    -32191.23         104
 2000    496.91    -31476.41          93
 2001    340.49    -20378.91          78
 2002    430.63    -23757.00          88
 2003    525.54    -35884.17         131
 2004    375.26    -16904.51          71
 2005    862.47    -62696.26         118
 2006    924.35    -70577.25         115
 2007    245.46    -11203.72          70
 2008    403.34    -24956.96         101
 2009    506.98    -25536.94         106
