    0.01     6325.55     17.920
    0.03     4474.93     12.677
    0.05     4206.22     11.916
    0.10     3872.44     10.970
    0.50     3120.00      8.839
    1.00     2720.00      7.706
    2.00     2280.00      6.459
    3.00     2020.00      5.723
    5.00     1660.00      4.703
   10.00     1110.00      3.145
   15.00      775.00      2.196
   20.00      536.00      1.518
   30.00      274.00      0.776
   40.00      158.00      0.448
   50.00      100.00      0.283
   60.00       65.00      0.184
   70.00       39.00      0.110
   80.00       22.00      0.062
   85.00       16.00      0.045
   90.00       11.00      0.031
   95.00        6.50      0.018
   97.00        4.90      0.014
   98.00        4.11      0.012
   99.00        3.10      0.009
   99.50        2.60      0.007
   99.90        2.00      0.006
   99.95        1.70      0.005
   99.97        1.53      0.004
   99.99        1.24      0.004
