   0.950    991.75     879.11    859.90    828.80
   0.900   1195.00    1049.71    970.80    898.04
   0.800   1440.00    1322.86   1213.50   1181.43
   0.700   1838.33    1670.71   1547.50   1470.71
   0.600   2046.67    1871.43   1776.00   1703.14
   0.500   2271.67    2088.57   1996.00   1826.07
   0.333   2558.91    2395.30   2261.05   2068.90
   0.200   3033.33    2698.57   2570.00   2446.43
   0.143   3497.70    3033.21   2770.85   2685.33
   0.100   3856.67    3318.57   3139.50   2992.86
   0.067   4113.89    3472.19   3336.81   3211.17
   0.050   4292.50    3610.36   3454.00   3361.25
   0.040   4541.33    3620.86   3523.40   3418.14
   0.033   4641.05    3650.86   3524.67   3471.34
   0.029   4824.84    3741.88   3594.75   3520.32
   0.025   5012.50    3840.71   3677.50   3562.23
   0.022   5158.64    3917.68   3741.94   3594.87
   0.020   5299.67    3971.71   3775.70   3614.93
