    1916    366.00    460.03       235.25       0.86047
    1917    365.00    405.35       234.76       0.85327
    1918    365.00    333.79       243.07       0.89679
    1919    365.00    307.83       204.94       0.82434
    1920    366.00    254.64       235.17       0.89577
    1921    365.00    396.31       224.31       0.81295
    1922    365.00    441.57       245.50       0.91996
    1923    365.00    351.95       234.87       0.84500
    1924    366.00    117.76       197.76       0.79817
    1925    365.00    397.42       228.70       0.82926
    1926    365.00    263.79       213.28       0.86943
    1927    365.00    398.80       231.47       0.85724
    1928    366.00    288.32       212.58       0.80069
    1929    365.00    203.98       234.18       0.90514
    1930    365.00    224.90       230.78       0.88668
    1931    365.00    119.81       214.21       0.87519
    1932    366.00    394.48       239.77       0.88770
    1933    365.00    221.66       241.36       0.93543
    1934    365.00    154.68       210.66       0.77083
    1935    365.00    399.68       231.76       0.87302
    1936    366.00    400.25       232.50       0.88836
    1937    365.00    379.85       233.83       0.91248
    1938    365.00    637.72       238.57       0.84691
    1939    365.00    197.02       201.31       0.76191
    1940    366.00    390.19       222.43       0.84674
    1941    365.00    483.23       243.61       0.88010
    1942    365.00    452.65       234.00       0.83362
    1943    365.00    407.69       226.96       0.83774
    1944    366.00    272.04       237.46       0.89313
    1945    365.00    389.86       231.92       0.84717
    1946    365.00    424.42       210.67       0.78588
    1947    365.00    256.64       203.85       0.77121
    1948    366.00    316.72       236.19       0.91661
    1949    365.00    263.68       230.93       0.94691
    1950    365.00    298.39       227.91       0.89897
    1951    365.00    450.59       180.13       0.59798
    1952    366.00    525.21       241.73       0.89137
    1953    365.00    262.75       234.42       0.85419
    1954    365.00    261.42       223.46       0.88939
    1955    365.00    240.10       233.43       0.89594
    1956    366.00    597.60       226.65       0.75611
    1957    365.00    279.73       229.98       0.86345
    1958    365.00    507.04       245.92       0.87762
    1959    365.00    186.89       221.46       0.79628
    1960    366.00    196.74       221.51       0.87267
    1961    365.00    157.72       222.19       0.84589
    1962    365.00    362.31       234.58       0.90631
    1963    365.00    383.77       237.25       0.82161
    1964    366.00    198.99       217.53       0.81366
    1965    365.00    509.16       218.75       0.68384
    1966    365.00    267.47       209.69       0.80507
    1967    365.00    589.68       248.11       0.81509
    1968    366.00    180.30       215.36       0.81088
    1969    365.00    652.16       236.37       0.87565
    1970    365.00    320.65       218.03       0.77965
    1971    365.00    316.36       229.45       0.81490
    1972    366.00    268.53       224.44       0.76350
    1973    365.00    431.16       227.38       0.85965
    1974    365.00    453.94       218.34       0.78373
    1975    365.00    391.43       242.69       0.90901
    1976    366.00    135.30       202.85       0.69093
    1977    365.00     84.92       225.71       0.90137
    1978    365.00    575.85       249.84       0.81931
    1979    365.00    353.96       226.46       0.85894
    1980    366.00    528.47       233.31       0.80028
    1981    365.00    228.97       221.53       0.88541
    1982    365.00    640.04       233.85       0.77446
    1983    365.00    801.94       245.25       0.76767
    1984    366.00    448.94       207.72       0.70056
    1985    365.00    241.67       207.92       0.78947
    1986    365.00    539.05       221.56       0.76381
    1987    365.00    158.53       217.42       0.88501
    1988    366.00    207.50       207.06       0.71592
    1989    365.00    252.86       219.59       0.82136
    1990    365.00    173.99       209.10       0.78033
    1991    365.00    228.91       239.55       0.93511
    1992    366.00    199.78       216.53       0.82935
    1993    365.00    530.96       234.87       0.83478
    1994    365.00    162.98       219.99       0.87363
    1995    365.00    747.44       246.98       0.79769
    1996    366.00    437.72       222.54       0.79213
    1997    365.00    513.34       193.80       0.62420
    1998    365.00    593.50       255.39       0.83888
    1999    365.00    327.97       225.65       0.83911
    2000    366.00    331.19       229.66       0.88191
    2001    365.00    229.05       217.90       0.85734
    2002    365.00    299.00       214.72       0.83495
    2003    365.00    362.74       227.05       0.83165
    2004    366.00    256.00       209.33       0.72862
    2005    365.00    588.84       235.21       0.85681
    2006    365.00    637.91       232.74       0.85916
    2007    365.00    169.31       207.86       0.76364
    2008    366.00    268.14       227.51       0.87598
    2009    365.00    352.70       214.60       0.80367
