Z11283500                       USGS 
H11283500       3754021200415000606109SW18040009144           2374.08           
N11283500       CLAVEY R NR BUCK MEADOWS CA
Y11283500       
311283500       19600208   3420               11.52                    
311283500       19610404    576                7.07                    
311283500       19620209   3570               13.32                    
311283500       19630201  19200               21.40                    
311283500       19631115   2480               11.23                    
311283500       19641223  12400               18.60                    
311283500       19651118   1850               10.21                    
311283500       19661206   5950               14.76                    
311283500       19680220   1270                9.02                    
311283500       19690121   8920               16.79                    
311283500       19700121   6970               15.52                    
311283500       19710326   2950               11.82                    
311283500       19711222   1090                8.37                    
311283500       19730519   2250               10.76                    
311283500       19731112   3870               12.85                    
311283500       19750518   2870               11.72                    
311283500       19751026   1040                8.09                    
311283500       19770523    246                5.34                    
311283500       19780425   3680               12.67                    
311283500       19790111   3270               12.21                    
311283500       19800113  19400               21.47                    
311283500       19810423   1200                8.80                    
311283500       19820216  15200               19.85                    
311283500       19830313   6350               15.04                    
311283500       19870213    829                7.81                    
311283500       19880427    458                6.41                    
311283500       19890308   3260               12.20                    
311283500       19891024   1310                9.06                    
311283500       19901024   1310                9.06                    
311283500       19920413    727                7.34                    
311283500       19930317   2760               11.58                    
311283500       19940420    537                6.61                    
311283500       19970103  470007              28.66                    
