Z11208730                       USGS 
H11208730       3627051184715000606107SW1803000785.8          2700              
N11208730       EF KAWEAH R NR THREE RIVERS CA
Y11208730       
311208730       19530427   1050                5.193                   
311208730       19540124    630                4.383                   
311208730       19550216   1090                5.273                   
311208730       19580522   1070                6.52                    
311208730       19590216    541                5.18                    
311208730       19600201    855                5.95                    
311208730       19610517    231                4.63                    
311208730       19620505    755                5.70                    
311208730       19630201   2850               11.00                    
311208730       19640520    480                5.05                    
311208730       19641223   1510                7.65                    
311208730       19651229    541                5.18                    
311208730       19661206  13000               21.005                   
311208730       19680529    424                                        
311208730       19690125   4700               10.76                    
311208730       19700116   3220                8.95                    
311208730       19710615    632                5.40                    
311208730       19720608    428                4.93                    
311208730       19730528   1220                6.94                    
311208730       19740606    876                6.30                    
311208730       19750601   1050                6.70                    
311208730       19760911    522                5.36                    
311208730       19770531    276                4.70                    
311208730       19780608   1160                6.98                    
311208730       19940514    427                5.19                    
311208730       19950310   1690                7.50                    
311208730       19960219   1700                7.53                    
311208730       19970102  11300                                      
311208730       19980701   1530                7.22                    
311208730       19990525    466                5.27                    
311208730       20000214    910                6.09                    
311208730       20010510    544                5.42                    
311208730       20011229   1070                6.39                    
311208730       20021108   5680               14.12                    
311208730       20031224    476                5.29                    
311208730       20050527   1540                7.21                    
311208730       20060604   1500                7.05                    
311208730       20070512    318                4.94                    
311208730       20080105   1250                6.70                    
