Z11275000                       USGS 
H11275000       3758151194548000606109SW1804000946.0          5350.00           
N11275000       FALLS C NR HETCH HETCHY CA
Y11275000       
311275000       19160609    996                5.20                    
311275000       19170610   1240                5.60                    
311275000       19180614   1070                5.34                    
311275000       19190529   1210                5.55                    
311275000       19200520    992                5.16                    
311275000       19210611   1160                5.47                    
311275000       19220605   1240                5.58                    
311275000       19230611   1080                5.30                    
311275000       19240503    606                4.28                    
311275000       19250206   1210                5.55                    
311275000       19260426    844                4.85                    
311275000       19270617   1130                5.42                    
311275000       19280325   1740                6.45                    
311275000       19290616   1590                6.15                    
311275000       19300607    867                4.89                    
311275000       19310506    689                4.51                    
311275000       19320622   1180                5.49                    
311275000       19330615   1130                5.42                    
311275000       19340507    453                3.88                    
311275000       19350605   1130                5.40                    
311275000       19360612   1080                5.28                    
311275000       19370529   1100                5.35                    
311275000       19371211   6300                8.90                    
311275000       19390422    569                4.92                    
311275000       19400326   1440                6.22                    
311275000       19410620   1380                6.15                    
311275000       19411203   2850                7.50                    
311275000       19430601   1950                6.80                    
311275000       19440608    766                5.31                    
311275000       19450202   1220                5.95                    
311275000       19451030   1240                5.97                    
311275000       19470504   1010                5.67                    
311275000       19480527   1100                5.80                    
311275000       19490514   1220                5.95                    
311275000       19500601   1300                6.05                    
311275000       19501119   6660                9.00                    
311275000       19520606   1480                6.22                    
311275000       19530619   1480                6.22                    
311275000       19540309   1350                6.09                    
311275000       19550608   1180                5.97                    
311275000       19551223   6660                9.00                    
311275000       19570518   1560                6.42                    
311275000       19580619   1380                6.24                    
311275000       19590513    732                5.33                    
311275000       19600512    932                5.55                    
311275000       19610526    488                4.82                    
311275000       19620603    985                5.75                    
311275000       19630201   5560                8.68                    
311275000       19631115    964                5.72                    
311275000       19641223   5490                8.66                    
311275000       19660508    604                5.06                    
311275000       19661206   1880                6.70                    
311275000       19680529    755                5.37                    
311275000       19690603   1560                6.42                    
311275000       19700121   1350                6.21                    
311275000       19710627   1300                6.15                    
311275000       19720528    794                5.44                    
311275000       19730531   1510                6.37                    
311275000       19731112   2570                7.22                    
311275000       19750602   1450                6.31                    
311275000       19751026   1200                6.05                    
311275000       19770523    356                4.33                    
311275000       19780614   1350                6.20                    
311275000       19790522   1310                6.15                    
311275000       19800113   4340                8.26                    
311275000       19810501    867                5.69                    
311275000       19820926   3120                7.60                    
311275000       19821026   2220                6.99                    
