Z11186000                       USGS 
H11186000       3556431182836000606107SW18030001846           3620.00           
N11186000       KERN R NR KERNVILLE(RIVER ONLY) CA
Y11186000       
311186000       19120604   33305               4.30                    
311186000       19130524   19205               3.106                   
311186000       19140604   36805               4.60                    
311186000       19150609   40905               4.94                    
311186000       19160117  115005               8.80                    
311186000       19170617   38005               4.70                    
311186000       19180505   18505               2.79                    
311186000       19190529   42905               5.10                    
311186000       19200521   35605               4.49                    
311186000       19210608   30005               3.98                    
311186000       19220605   39205               9.83                    
311186000       19230517   23005               8.48                    
311186000       19240511    7805               6.50                    
311186000       19250613   19205               8.10                    
311186000       19260520   19605               8.17                    
311186000       19261126   44205              10.35                    
311186000       19280530   14605               7.67                    
311186000       19290525   12405               7.37                    
311186000       19300613   17305               8.01                    
311186000       19310507    6105               6.16                    
311186000       19320622   30305               9.38                    
311186000       19330615   32505               9.59                    
311186000       19340420   10805               7.20                    
311186000       19350608   29205               9.68                    
311186000       19360519   29805               9.27                    
311186000       19370206   86005              12.46                    
311186000       19380302   70005              11.68                    
311186000       19390514   14405               7.60                    
311186000       19400525   34805               9.62                    
311186000       19410614   55105              11.14                    
311186000       19420606   34005               9.57                    
311186000       19430122   83105              12.57                    
311186000       19440608   23105               8.54                    
311186000       19450202   57005              10.98                    
311186000       19460509   24405               8.78                    
311186000       19461123   27705               9.08                    
311186000       19480517   16605               7.98                    
311186000       19490528   14205               7.93                    
311186000       19500601   24205               8.78                    
311186000       19501119  270005              17.50                    
311186000       19520530   61405              10.87                    
311186000       19530427   31205               9.03                    
311186000       19540521   26005               8.60                    
311186000       19550608   25005               8.60                    
311186000       19551223  272005              17.55                    
311186000       19570606   30305               9.02                    
311186000       19580523   43005               9.79                    
311186000       19590513    5095               5.76                    
311186000       19600512    9255               6.35                    
311186000       19610824    3085               4.56                    
311186000       19620622   27005               8.77                    
311186000       19630201  240005              16.85                    
311186000       19640520   12005                                       
311186000       19641227   34205               8.96                    
311186000       19660519   10105               6.52                    
311186000       19661206  600005              22.776                   
311186000       19680529   15405               6.30                    
311186000       19690125  240005                                       
311186000       19700116   50805               8.84                    
311186000       19710617   14605               5.95                    
311186000       19720607    5245               4.41                    
311186000       19730609   48005               8.70                    
311186000       19740607   41605               8.30                    
311186000       19750601   34405               7.83                    
311186000       19760911   14605               6.07                    
311186000       19770610    3985               4.42                    
311186000       19780609   73005               9.70                    
311186000       19790528   31005               7.73                    
311186000       19800112  130005                                       
311186000       19810502   15906               6.18                    
311186000       19820411  103006              10.71                    
311186000       19830618   80506               9.82                    
311186000       19840514   31506               7.52                    
311186000       19850525   22406               6.85                    
311186000       19860531   68506               9.21                    
311186000       19870516   14606               6.02                    
311186000       19880516   10906               5.45                    
311186000       19890420   13906               5.75                    
311186000       19900508    5426               3.74                    
311186000       19910304  124006              13.16                    
311186000       19920513   11506               5.26                    
311186000       19930524   33506               8.57                    
311186000       19940515   13606               5.68                    
311186000       19950629   91306              10.08                    
311186000       19960220   48306               9.98                    
311186000       19970103  463006              16.69                    
311186000       19980617   88106              10.10                    
311186000       19990527   15406               5.67                    
311186000       20000524   28206               7.59                    
311186000       20010517   23206               6.82                    
311186000       20020530   15506               5.69                    
311186000       20021108  134006              24.39                    
311186000       20040525   22006              16.65                    
311186000       20050528   64406              20.99                    
311186000       20060515   54006              19.80                    
311186000       20070322    8366              14.32                    
311186000       20080520   38806              18.64                    
