Z11213500                       USGS 
H11213500       3651481190724000606019SW18030010952           1001.50           
N11213500       KINGS R AB NF NR TRIMMER CA
Y11213500       
311213500       19270517  11200               10.30                    
311213500       19280529   6260                8.15                    
311213500       19320623  11600                7.236                   
311213500       19330615  10900                7.23                    
311213500       19340511   3060                4.70                    
311213500       19350604   9160                6.81                    
311213500       19360514   7680                6.38                    
311213500       19370206  13400                7.86                    
311213500       19371211  34600               12.02                    
311213500       19390530   4600                5.24                    
311213500       19400525   9100                6.62                    
311213500       19410617  10800                7.05                    
311213500       19420611   9420                6.70                    
311213500       19430121  11800                7.30                    
311213500       19440608   6710                5.95                    
311213500       19450202  13900                7.80                    
311213500       19460507   7650                6.22                    
311213500       19461123   7580                6.20                    
311213500       19480527   6540                5.90                    
311213500       19490527   6570                5.91                    
311213500       19500531   7940                6.30                    
311213500       19501119  36200               12.23                    
311213500       19520606  13600                7.74                    
311213500       19530616   6070                5.76                    
311213500       19540519   8370                6.33                    
311213500       19550608  10800                6.94                    
311213500       19551223  59100               16.26                    
311213500       19570605  11600                7.05                    
311213500       19580522  13700                7.58                    
311213500       19590216   4600                5.17                    
311213500       19600512   5100                5.35                    
311213500       19610525   2850                4.31                    
311213500       19620622   8940                6.48                    
311213500       19630201  29000               10.85                    
311213500       19640521   6080                5.26                    
311213500       19641224  11700                7.05                    
311213500       19660507   5460                7.126                   
311213500       19661206  41000               15.12                    
311213500       19680529   5550                7.15                    
311213500       19690125  35000               14.00                    
311213500       19700116   6980                7.70                    
311213500       19710616   5490                7.15                    
311213500       19720609   4560                6.79                    
311213500       19730529  12000                9.37                    
311213500       19740607  12100                9.42                    
311213500       19750601  10400                8.84                    
311213500       19760911   5830                7.28                    
311213500       19770609   4100                6.59                    
311213500       19780905  23400               12.31                    
311213500       19790528   9760                8.64                    
311213500       19800113  20700               11.71                    
311213500       19810502   6580                7.43                    
311213500       19820926  31100               13.83                    
