Z11208000                       USGS 
H11208000       3631191184754000606107SW1803000751.4          2210              
N11208000       MARBLE F KAWEAH R (R ONLY) A POTWISHA CAMP CA
Y11208000       
311208000       19500529    677                5.25                    
311208000       19501118   4000               10.10                    
311208000       19520527   1150                6.39                    
311208000       19530427   1080                6.24                    
311208000       19540519    651                5.18                    
311208000       19550607    715                5.37                    
311208000       19551223  12500               13.40                    
311208000       19570519   1900                7.67                    
311208000       19580522   1220                7.27                    
311208000       19590216    339                4.91                    
311208000       19600511    414                5.22                    
311208000       19610524    160                3.94                    
311208000       19620505    748                6.15                    
311208000       19630201   3830                9.94                    
311208000       19640520    355                4.97                    
311208000       19650815   2370                8.62                    
311208000       19660506    402                4.80                    
311208000       19661206   6400               11.50                    
311208000       19680528    278                4.65                    
311208000       19690125   2610                8.86                    
311208000       19700116   1310                7.19                    
311208000       19710608    392                5.04                    
311208000       19720605    283                4.65                    
311208000       19730528   1010                6.61                    
311208000       19740527    797                6.10                    
311208000       19750601    954                6.44                    
311208000       19760911   1740                7.85                    
311208000       19770609    406                5.07                    
311208000       19780905   2790                9.04                    
311208000       19790521    806                6.13                    
311208000       19800113   3040                9.27                    
311208000       19810501    430                5.16                    
311208000       19820411   3140                9.37                    
311208000       19821026   1590                7.61                    
311208000       19831124   1360                7.23                    
311208000       19850414    405                5.03                    
311208000       19860219  10401                                      
311208000       19870512    464                5.26                    
311208000       19880515    355                4.91                    
311208000       19890507    365                4.90                    
311208000       19900427    253                4.59                    
311208000       19910304   1940                8.12                    
311208000       19920429    310                4.60                    
311208000       19921030   1710                7.81                    
311208000       19940514    511                5.29                    
311208000       19950708   1410                6.95                    
311208000       19960516   2170                7.89                    
311208000       19970102   6760               11.57                    
311208000       19980903   2100                7.80                    
311208000       19990713    755                5.67                    
311208000       20000523    869                5.95                    
311208000       20010508    755                5.71                    
311208000       20011124   1060                6.31                    
