Z11206500                       USGS 
H11206500       3630471184727000606107SW18030007102           2190              
N11206500       MF KAWEAH R NR POTWISHA CAMP(RIVER ONLY) CA
Y11206500       
311206500       19500206    8946               8.19                    
311206500       19501119  175006              15.70                    
311206500       19511229   16806               9.15                    
311206500       19530427   15006               8.97                    
311206500       19540519    8706               8.20                    
311206500       19550216   11606               8.58                    
311206500       19551223  468006              29.00                    
311206500       19580519   13506               7.83                    
311206500       19590216    9996               7.23                    
311206500       19600201   10606               7.37                    
311206500       19610811    2626               5.31                    
311206500       19620505    8606               6.98                    
311206500       19630201  118006              13.52                    
311206500       19640520    6366               6.39                    
311206500       19641223   23706               9.00                    
311206500       19651122    5496               6.19                    
311206500       19661206  233006              17.70                    
311206500       19680528    6106               6.15                    
311206500       19690125   65806              11.82                    
311206500       19700116   28906               9.49                    
311206500       19710615    6386               6.22                    
311206500       19720608    5266               5.89                    
311206500       19730528   15506               7.93                    
311206500       19740401   12006               7.35                    
311206500       19750601   13706               7.65                    
311206500       19760911   12206               7.41                    
311206500       19770609    5496               5.96                    
311206500       19780905   20306               8.57                    
311206500       19790521   11206               7.23                    
311206500       19800112   77406              12.32                    
311206500       19810501    7116               6.38                    
311206500       19820411   56106              11.61                    
311206500       19821026   22906               8.91                    
311206500       19831124   270026                                      
311206500       19850523    6236               6.72                    
311206500       19860219   191016                                      
311206500       19870515    7746               6.99                    
311206500       19880105    6916               6.91                    
311206500       19890507    4946               6.33                    
311206500       19900506    3616               5.89                    
311206500       19910304   51106              11.06                    
311206500       19911026    6256               6.72                    
311206500       19930107    9746               7.28                    
311206500       19940514    6666               6.57                    
311206500       19950430   19306               8.56                    
311206500       19960205   24606               9.11                    
311206500       19970102  184006              16.60                    
311206500       19980615   14706               7.98                    
311206500       19990525    7066               6.54                    
311206500       20000523    9836               7.11                    
311206500       20010508    7736               6.63                    
311206500       20011124   16106               8.05                    
311206500       20021108  108006              14.26                    
