Z11282000                       USGS 
H11282000       3749421200038000606109SW1804000973.5          2800.00           
N11282000       M TUOLUMNE R A OAKLAND RECREATION CAMP CA
Y11282000       
311282000       19170221    912                6.70                    
311282000       19180319    558                5.32                    
311282000       19190528   1510                8.15                    
311282000       19200520    630                5.55                    
311282000       19210118    884                6.65                    
311282000       19220603    996                6.95                    
311282000       19230406    678                5.75                    
311282000       19240509    194                3.45                    
311282000       19250206    802                6.15                    
311282000       19260505    545                5.25                    
311282000       19270517    766                6.10                    
311282000       19280327    960                6.80                    
311282000       19290616    820                6.27                    
311282000       19300528    360                4.40                    
311282000       19310514    287                4.08                    
311282000       19311228    820                6.30                    
311282000       19330531    590                5.43                    
311282000       19331213    372                4.49                    
311282000       19350408   1220                7.65                    
311282000       19360201    922                6.56                    
311282000       19370213   1280                7.75                    
311282000       19371211   3400               10.40                    
311282000       19390421    260                3.95                    
311282000       19400330    890                6.17                    
311282000       19410523    863                6.14                    
311282000       19420526   1010                6.66                    
311282000       19430121   1550                7.89                    
311282000       19440304    529                4.88                    
311282000       19450202   2380                9.50                    
311282000       19451221   1040                6.64                    
311282000       19461123    478                4.63                    
311282000       19480526    623                5.26                    
311282000       19490514    573                5.07                    
311282000       19500527    578                5.09                    
311282000       19501119   3450               10.45                    
311282000       19520527   1070                6.56                    
311282000       19530427    552                5.03                    
311282000       19540213    571                5.06                    
311282000       19550530    427                4.52                    
311282000       19551223   4920               11.75                    
311282000       19570519    951                6.27                    
311282000       19580403   1420                7.54                    
311282000       19590216    702                5.44                    
311282000       19600512    389                4.13                    
311282000       19601201    241                3.57                    
311282000       19620215    980                6.10                    
311282000       19630201   2290                8.56                    
311282000       19631115    302                3.89                    
311282000       19641224   1430                7.06                    
311282000       19651123    626                5.12                    
311282000       19670619   1250                6.70                    
311282000       19680502    213                3.48                    
311282000       19690121   2810                9.30                    
311282000       19700116    782                5.58                    
311282000       19710516    443                4.36                    
311282000       19711225    641                5.02                    
311282000       19730519   1020                6.13                    
311282000       19740302    801                5.57                    
311282000       19750602   1110                6.34                    
311282000       19751027    247                3.51                    
311282000       19770609    153                3.01                    
311282000       19780209   1000                6.08                    
311282000       19790522    928                5.89                    
311282000       19800114   2280                8.54                    
311282000       19810502    349                3.93                    
311282000       19820411   2910                9.44                    
311282000       19830301   2060                8.20                    
311282000       19831124   1300                6.79                    
311282000       19850415    382                4.06                    
311282000       19860219   2930                9.46                    
311282000       19870510    250                3.52                    
311282000       19880513    172                3.12                    
311282000       19890510    438                4.28                    
311282000       19900428    270                3.74                    
311282000       19910604    438                4.28                    
311282000       19920425    235                3.52                    
311282000       19930531   1150                6.46                    
311282000       19940512    210                3.40                    
311282000       19950310   3430               10.10                    
311282000       19960516   2330                8.62                    
311282000       19970103   6300               13.02                    
311282000       19980203   1140                6.44                    
311282000       19990209    7089               5.25                    
311282000       20000508    8079               5.55                    
311282000       20010512    475                4.70                    
311282000       20011202    460                4.62                    
