Z11209500                       USGS 
H11209500       3629251185512000606107SW18030007129           1027.70           
N11209500       NF KAWEAH R A KAWEAH CA
Y11209500       
311209500       19110131   2710                5.60                    
311209500       19120411    1781                                       
311209500       19130401    196                1.98                    
311209500       19140125   7400               10.20                    
311209500       19150430    940                3.40                    
311209500       19160117   5380                8.40                    
311209500       19170221   3050                6.00                    
311209500       19180318    900                3.50                    
311209500       19190211    360                2.50                    
311209500       19200417   1500                4.22                    
311209500       19210313   1040                3.55                    
311209500       19220211   1740                4.50                    
311209500       19230406   2860                5.80                    
311209500       19240411    182                1.98                    
311209500       19241109   1080                3.70                    
311209500       19260408    730                3.45                    
311209500       19270216   4650                7.60                    
311209500       19280327    915                3.70                    
311209500       19290616    780                3.50                    
311209500       19300503    326                2.67                    
311209500       19301117    250                2.43                    
311209500       19311228   4200                7.28                    
311209500       19330529    340                2.58                    
311209500       19331213   1220                5.30                    
311209500       19350408   3240                7.02                    
311209500       19360202   2430                6.47                    
311209500       19370206   6200                9.10                    
311209500       19371211  11200               11.00                    
311209500       19390402    700                4.50                    
311209500       19400226   2550                6.48                    
311209500       19410211   2260                6.23                    
311209500       19420404   1580                5.60                    
311209500       19430121   5870                8.68                    
311209500       19440304   1220                5.20                    
311209500       19450201   5550                8.50                    
311209500       19451222   1070                5.01                    
311209500       19461123   2680                6.59                    
311209500       19480410   2460                6.40                    
311209500       19490421    469                4.02                    
311209500       19500206   1670                5.69                    
311209500       19501119  10800               10.85                    
311209500       19520125   2890                6.80                    
311209500       19530427   2490                6.48                    
311209500       19540124   1430                5.48                    
311209500       19550216   2860                6.78                    
311209500       19551223  21500               14.10                    
311209500       19570519   3790                7.46                    
311209500       19580403   2160                6.24                    
311209500       19590216   1280                5.34                    
311209500       19600201    778                4.77                    
311209500       19661206  239007              14.70                    
311209500       19810320    4217               3.69                    
