Z11214000                       USGS 
H11214000       3704531185143000606019SW1803001037.7          8144.66           
N11214000       NF KINGS R BL MEADOWBROOK CA
Y11214000       
311214000       19220604   1060                5.02                    
311214000       19230610    725                4.68                    
311214000       19240508    379                3.89                    
311214000       19250526    680                4.58                    
311214000       19260519    680                4.58                    
311214000       19270516    970                4.82                    
311214000       19280528    621                4.33                    
311214000       19290616    733                4.49                    
311214000       19300527    621                4.33                    
311214000       19310506    480                4.08                    
311214000       19320621    997                4.83                    
311214000       19330614   1090                4.93                    
311214000       19340420    304                3.70                    
311214000       19350603   1200                5.05                    
311214000       19551223   20007               5.85                    
311214000       19570604   1200                5.18                    
311214000       19580522   1230                5.21                    
311214000       19590512    534                4.30                    
311214000       19600511    568                4.37                    
311214000       19610522    341                3.89                    
311214000       19620609    759                4.67                    
311214000       19630617   1280                5.26                    
311214000       19640519    520                4.28                    
311214000       19641223   1030                5.00                    
311214000       19660523    627                4.47                    
311214000       19670702   1680                5.62                    
311214000       19680520    510                4.34                    
311214000       19690602   2040                5.65                    
311214000       19700517    747                4.54                    
311214000       19710608    583                4.31                    
311214000       19720606   1240                5.06                    
311214000       19730608   1300                5.11                    
311214000       19740606    976                4.86                    
311214000       19750606   1030                4.92                    
311214000       19760728   1260                5.08                    
311214000       19770609    501                4.10                    
311214000       19780905   3000                6.50                    
311214000       19790527    920                4.75                    
311214000       19800701   1000                4.97                    
311214000       19810501    606                4.32                    
