Z11284700                       USGS 
H11284700       3805561200555000606109SW1804000923.1                            
N11284700       NF TUOLUMNE R NR LONG BARN CA
Y11284700       
311284700       19551223   25607B              9.80                    
311284700       19620830   1.40                2.63                    
311284700       19630201   1390                7.23                    
311284700       19631114    150                4.12                    
311284700       19641223   1060                6.39                    
311284700       19651123    178                4.19                    
311284700       19670316    700                5.67                    
311284700       19680115    178                4.19                    
311284700       19690121   1670                7.61                    
311284700       19700121    751                5.84                    
311284700       19710326    402                4.95                    
311284700       19711222    214                6.24                    
311284700       19730116    350                4.86                    
311284700       19740709    346                4.67                    
311284700       19750208    398                4.84                    
311284700       19751030   51.0                3.31                    
311284700       19770314   11.0                2.76                    
311284700       19780304    441                5.06                    
311284700       19790111    417                5.07                    
311284700       19800113   2190                8.80                    
311284700       19810325    131                3.97                    
311284700       19820216   2070                8.57                    
311284700       19830313   1080                6.58                    
311284700       19831225   1070                6.55                    
311284700       19841127    142                4.00                    
311284700       19860219   2760                9.93                    
311284700       19970103   24007               9.16                    
