Z11210100                       USGS 
H11210100       3625001185448000606107SW1803000786.7          807.22            
N11210100       SF KAWEAH R A THREE RIVERS CA
Y11210100       
311210100       19551223  100007               9.50                    
311210100       19590216    286                2.92                    
311210100       19600511    292                3.05                    
311210100       19610418    132                2.48                    
311210100       19620210    618                3.71                    
311210100       19630201   2440                4.95                    
311210100       19640519    403                3.34                    
311210100       19641227    658                3.76                    
311210100       19651229    377                3.28                    
311210100       19661206  11600                9.30                    
311210100       19680505    229                2.78                    
311210100       19690224   6360                6.87                    
311210100       19700116   2820                5.56                    
311210100       19710516    358                3.22                    
311210100       19720503    148                2.56                    
311210100       19730118   1820                5.04                    
311210100       19740402   1700                4.97                    
311210100       19750531    793                4.09                    
311210100       19760513    209                2.83                    
311210100       19770522    106                2.42                    
311210100       19780304   2220                5.27                    
311210100       19790521    669                3.91                    
311210100       19800113   5060                6.41                    
311210100       19810502    341                3.23                    
311210100       19820411   3320                5.78                    
311210100       19821222   3900                6.01                    
311210100       19831124   1620                4.91                    
311210100       19850209    355                3.27                    
311210100       19860213   1970                5.13                    
311210100       19870213    556                3.72                    
311210100       19880105    639                3.86                    
311210100       19890508    267                3.02                    
311210100       19900528    233                2.91                    
311210100       19970102   85207               7.76                    
