Z11268000                       USGS 
H11268000       3739051195304000606043SW18040008241                             
N11268000       SF MERCED R NR EL PORTAL CA
Y11268000       
311268000       19501119  37600               17.63                    
311268000       19520527   4190                9.86                    
311268000       19530427   2720                8.75                    
311268000       19540309   2340                8.37                    
311268000       19550521   2320                8.35                    
311268000       19551223  46500               18.70                    
311268000       19570519   5780               10.29                    
311268000       19580403   5540               10.17                    
311268000       19590216   4680                9.74                    
311268000       19600511   1570                7.66                    
311268000       19601201   1720                7.80                    
311268000       19620209   5720               10.26                    
311268000       19630201  21600               15.22                    
311268000       19631115   2410                8.99                    
311268000       19641223  14200               13.62                    
311268000       19651124   2530                9.08                    
311268000       19661206  11100               12.71                    
311268000       19680429   1080                7.85                    
311268000       19690121  13200               13.33                    
311268000       19700116   5030               10.44                    
311268000       19710516   2120                8.80                    
311268000       19711222   2940                9.34                    
311268000       19730519   3600                9.80                    
311268000       19740526   2900                9.39                    
311268000       19750601   4770               10.34                    
