Z11267300                       USGS 
H11267300       3732201193940000606043SW18040008100                             
N11267300       SF MERCED R A WAWONA CA
Y11267300       
311267300       19551223  150007              12.00                    
311267300       19590216   1860                5.26                    
311267300       19600511   1470                4.86                    
311267300       19610404    800                4.00                    
311267300       19620505   2110                5.50                    
311267300       19630201   8590                9.56                    
311267300       19631115   1300                4.79                    
311267300       19641223   9030                9.83                    
311267300       19660506   1310                4.91                    
311267300       19661206   4670                7.71                    
311267300       19680428   1050                4.57                    
311267300       19700116   4030                7.28                    
311267300       19710516   1760                5.43                    
311267300       19711222   2160                5.84                    
311267300       19730517   3230                6.72                    
311267300       19740526   2350                6.01                    
311267300       19750602   3800                7.13                    
