Z11281000                       USGS 
H11281000       3749181200043000606109SW1804000987.0          2800.00           
N11281000       SF TUOLUMNE R NR OAKLAND RECREATION CAMP CA
Y11281000       
311281000       19230406   3140                7.03                    
311281000       19240411    138                2.65                    
311281000       19250206   2440                6.45                    
311281000       19260406   1040                5.05                    
311281000       19270218   2520                6.61                    
311281000       19280325   2390                6.50                    
311281000       19290616    970                4.85                    
311281000       19300222    715                4.45                    
311281000       19310214    202                3.06                    
311281000       19311228   1380                5.456                   
311281000       19330528    464                3.90                    
311281000       19340101    596                4.30                    
311281000       19350408   3100                7.07                    
311281000       19360222   1440                5.53                    
311281000       19370213   2630                6.70                    
311281000       19371211   9000               10.00                    
311281000       19390326    315                3.50                    
311281000       19400330   1460                5.65                    
311281000       19401223   1860                5.73                    
311281000       19411203   1550                5.65                    
311281000       19430121   4520                8.00                    
311281000       19440304    608                4.45                    
311281000       19450202   5220                8.38                    
311281000       19451221   3110                7.03                    
311281000       19461123   1750                6.00                    
311281000       19480409    570                4.39                    
311281000       19490514    432                4.08                    
311281000       19500204    713                4.66                    
311281000       19501118   4540                8.68                    
311281000       19520125   1090                5.21                    
311281000       19530427   1020                5.10                    
311281000       19540213   1330                5.58                    
311281000       19550521    377                3.84                    
311281000       19551223  11900               10.90                    
311281000       19570518   1990                6.14                    
311281000       19580403   2380                7.10                    
311281000       19590216   1320                6.24                    
311281000       19600208   2330                6.45                    
311281000       19601201    615                4.35                    
311281000       19620209   3670                7.48                    
311281000       19630201   8000                9.60                    
311281000       19631115    734                4.58                    
311281000       19641223   2120                6.27                    
311281000       19651124   1170                5.26                    
311281000       19661206   3770                8.08                    
311281000       19680220    339                3.83                    
311281000       19690121   5540                9.12                    
311281000       19700116   2190                6.79                    
311281000       19710326    904                5.14                    
311281000       19711222    775                4.91                    
311281000       19730116   1750                6.35                    
311281000       19740302   1220                5.67                    
311281000       19750325   1210                5.66                    
311281000       19760229    274                3.55                    
311281000       19770609    203                3.226                   
311281000       19780425   2060                7.70                    
311281000       19790111   1600                7.18                    
311281000       19800114   5520               10.12                    
311281000       19810128    334                4.80                    
311281000       19820411   8070               11.29                    
311281000       19821222   4710                9.68                    
311281000       19831124   3410                8.85                    
311281000       19841128    519                5.46                    
311281000       19860219   7000               10.89                    
311281000       19870213    411                5.13                    
311281000       19880420    151                3.92                    
311281000       19890308    442                5.23                    
311281000       19891024    338                4.87                    
311281000       19910304   1030                6.54                    
311281000       19920212    278                4.62                    
311281000       19930114   1650                7.50                    
311281000       19940217    155                3.96                    
311281000       19950310   6350               10.64                    
311281000       19960516   2800                8.66                    
311281000       19970103  11500               12.51                    
311281000       19980203   1960                7.88                    
311281000       19990209   16209               7.45                    
311281000       20000214   16109               7.44                    
311281000       20010305    462                5.27                    
311281000       20011202    399                5.06                    
