Z11226500                       USGS 
H11226500       3730381191147000606039SW18040006249           4570              
N11226500       SAN JOAQUIN R A MILLER CROSSING CA
Y11226500       
311226500       19220604   6200               17.68                    
311226500       19230610   4080               16.43                    
311226500       19240508   1720               14.26                    
311226500       19250525   4080               16.35                    
311226500       19260504   3640               16.08                    
311226500       19270516   5160               17.10                    
311226500       19280325   2900               15.50                    
311226500       19520527   5740               17.10                    
311226500       19530618   3360               15.45                    
311226500       19540518   4140               16.04                    
311226500       19550607   5200               16.76                    
311226500       19551223  16600               21.28                    
311226500       19570518   5610               17.02                    
311226500       19580518   5470               16.93                    
311226500       19590512   2520               14.72                    
311226500       19600512   2720               14.92                    
311226500       19610524   1650               13.80                    
311226500       19620609   4290               16.15                    
311226500       19630201   8120               18.32                    
311226500       19640519   2890               15.70                    
311226500       19641223   9680               19.00                    
311226500       19660506   2980               15.14                    
311226500       19670701   7680               18.10                    
311226500       19680528   2550               14.73                    
311226500       19690602   8390               18.44                    
311226500       19700517   3830               15.80                    
311226500       19710608   3390               15.46                    
311226500       19720905   3970               15.90                    
311226500       19730517   5420               16.85                    
311226500       19740527   5210               16.72                    
311226500       19750601   6260               17.35                    
311226500       19760911   2780               14.94                    
311226500       19770609   2960               15.10                    
311226500       19780905   7170               17.84                    
311226500       19790521   5040               16.62                    
311226500       19800113   8940               18.68                    
311226500       19810925  11500               19.69                    
311226500       19820925  11500               19.69                    
311226500       19830617   7810               18.16                    
311226500       19840513   5170               16.70                    
311226500       19850414   2470               14.65                    
311226500       19860601   60901                                       
311226500       19870515   4000               15.92                    
311226500       19880515   2340               14.52                    
